

# BITSY VERSION 6.0

! ROOM_FORMAT 1

PAL 0
204,80,20
255,198,62
110,27,2

ROOM 0
0,0,0,0,0,0,0,0,0,0,0,0,0,0,0,0
0,a,a,a,a,a,a,a,a,a,a,a,a,a,a,0
0,a,0,b,b,b,0,0,0,0,0,0,0,a,a,0
0,a,0,b,0,b,0,0,0,0,0,0,0,0,a,0
0,a,0,b,b,b,0,0,0,0,0,0,0,0,a,0
0,a,0,0,0,0,0,0,0,0,0,0,0,0,a,0
0,a,0,0,0,0,0,0,a,0,0,0,0,0,a,0
0,a,0,0,0,0,0,0,0,0,0,0,0,0,a,0
0,a,0,0,0,0,0,0,0,0,0,0,0,0,a,0
0,a,0,0,0,0,0,0,0,0,0,0,0,0,a,0
0,a,0,0,0,0,0,0,0,0,0,0,0,0,a,0
0,a,0,0,0,0,0,0,a,a,0,0,0,0,a,0
0,a,0,0,0,0,0,a,0,a,a,0,0,0,a,0
0,a,0,0,0,0,0,0,a,a,0,0,0,0,a,0
0,a,a,a,a,a,a,a,a,a,a,a,a,a,a,0
0,0,0,0,0,0,0,0,0,0,0,0,0,0,0,0
PAL 0

TIL a
11111111
10000001
10000001
10011001
10011001
10000001
10000001
11111111

TIL b
00111000
00111000
00000000
00111000
00111000
00000000
00111000
00111000

SPR A
00100100
00011000
01011010
00111100
01111110
11111111
11011011
00011000
>
00100100
00011000
01011010
00111100
00111100
01111110
01111110
00011000
POS 0 4,3

SPR a
10111011
10000111
01011110
00101111
00101111
01011110
10000111
10111011
>
10111001
10000101
01011111
00101111
00101111
01011111
10000101
10111001
DLG SPR_0
POS 0 8,12

SPR b
11011100
10100000
01111110
11111111
11111111
01111110
10100000
11011100
>
00011100
11100000
11111110
11111111
11111111
11111110
11100000
00011100
NAME queen2
POS 0 9,12

ITM 0
00000000
00000000
00000000
00111100
01100100
00100100
00011000
00000000
NAME tea
DLG ITM_0

DLG SPR_0
I'm a bee

DLG ITM_0
You found a nice warm cup of tea

VAR a
42

